8026, 0,  10.68,  25.94,   550 // FALL FORWARDS MATT
8066, 0,  10.70,  27.95,     0
8105, 0,  10.50,  20.71,  1108
8144, 0,  11.08,  15.94,     0
8183, 0,  10.48,  19.85,   468
8222, 0,  10.12,  17.67,   575
8261, 0,  10.03,  12.26,   264
8300, 0,   9.80,   7.75,   383
8339, 0,   9.99,   7.99,     0
8378, 0,   9.64,   9.69,   572
8417, 0,   9.62,   9.83,   320
8456, 0,   9.78,  10.42,   947
8495, 0,   9.98,  14.00,    48
8534, 0,  10.20,  19.93,   483
8573, 0,  10.14,  26.20,   459
8612, 0,   9.84,  31.82,   541
8651, 0,   9.77,  37.50,     0
8690, 0,   9.44,  41.41,   785
8729, 0,   9.34,  44.14,  1716
8768, 0,   9.20,  45.70,   747
8807, 0,   9.02,  46.82,   171
8846, 0,   8.31,  54.14,     0
8885, 0,   8.25,  70.74,     0
8924, 0,   8.86,  81.30,     0
8963, 0,   8.45,  78.05,  1623
9002, 0,   8.14,  80.64,   960
9041, 0,   6.29,  76.86,   917
9080, 1,   5.41,  81.09,   214 // 0 -> 1
9119, 1,   4.12,  85.55,     0
9158, 1,   3.96,  97.71,     0 // dip
9197, 1,   3.45, 107.54,     0
9236, 1,   7.71, 116.98,  2307
9275, 2,  12.64, 148.55,   930 // 1 -> 2
9314, 2,  11.81, 164.56,   128
9353, 2,  15.06, 177.93,     0 // spike gyro
9392, 2,  17.42, 129.26,     0 // spike accel
9431, 2,  17.52,  99.38,  2366
9470, 2,  12.70,  93.32,  3297
9509, 2,   7.72,  80.74,     0
9548, 2,   7.12,  63.17,     0
9587, 2,   8.13,  54.58,   223
9626, 2,   7.38,  55.85,     0
9665, 2,   8.52,  61.38,     0
9704, 2,  10.80,  52.50,     0
9743, 2,  13.03,  33.63,   754
9782, 2,  15.82,  28.50,   507
9821, 2,  13.11,  14.61,     0
9860, 2,  11.54,  32.00,     0
9899, 2,  10.81,  18.79,     0
9938, 2,  10.38,  40.24,     0
9977, 2,  11.24,  46.98,   519
10016, 2,  10.17,  41.57,   953
10055, 2,  11.86,  53.99,   839
10094, 2,  11.37,  33.44,     0
10133, 2,   9.69,  28.90,     0
10172, 2,   9.82,  29.48,   236
10211, 2,  10.60,  29.54,   346
10250, 2,  10.47,  23.80,   272
10289, 2,  10.54,  20.94,     0
10328, 2,  10.27,  22.29,     0

21812, 0,  11.48,  34.76,   120 // FALL BACKWARDS MATT
21851, 0,  11.03,  40.28,   787
21890, 0,  10.50,  47.58,   957
21929, 0,   9.79,  57.13,     0
21968, 0,   9.84,  65.85,  1089
22007, 0,   9.14,  74.21,  1850
22046, 0,   8.75,  71.82,   173
22085, 0,   7.67,  68.25,  1997
22124, 0,   6.39,  58.39,   491
22163, 1,   5.65,  46.38,   369 // 0 > 1
22202, 1,   4.00,  28.64,   345
22241, 1,   2.45,  18.79,     0
22280, 1,   0.30,  38.30,  2550 // dip
22319, 1,   2.75,  51.70,     0
22358, 1,   5.32,  87.61,     0
22397, 1,  10.08, 118.93,  4095 // spike gyro
22436, 2,  13.68, 107.73,  3149 // 1 > 2
22475, 2,  16.31, 114.42,     0
22515, 2,  19.93, 114.83,     0 // spike accel
22554, 2,  16.39,  92.85,     0
22593, 2,   8.86, 108.47,  3197
22632, 2,   4.52,  65.31,  3331
22671, 2,   3.86,  21.28,   577
22710, 2,   7.36,  33.43,     0
22749, 2,  10.46,  33.82,  1662
22788, 2,  12.13,  34.35,  1117
22827, 2,  11.36,  40.62,   218
22866, 2,  10.79,  53.94,   110
22905, 2,  10.74,  61.74,  1546
22944, 2,  10.28,  68.18,   243
22983, 2,  10.68,  69.54,   603
23022, 2,   8.34,  62.53,     0
23061, 2,   8.98,  58.83,   160
23100, 2,  10.96,  76.33,     0
23139, 2,   9.73,  92.75,     0
23178, 2,  10.03,  67.56,     0
23217, 2,  10.78,  39.57,     0
23256, 2,   9.19,  31.19,  1140
23295, 2,   9.66,  37.15,   468
23334, 2,   8.34,  30.34,   576
23373, 2,  10.16,  38.53,   577
23412, 2,  10.68,  47.45,   183


10213, 0,  10.36,   4.60,     0 // FALL SIDEWAYS MATT
10253, 0,   9.94,   7.71,   653
10292, 0,  10.20,  10.28,     0
10331, 0,  10.23,  12.60,  1132
10370, 0,  10.28,  16.53,   188
10409, 0,  10.55,  17.73,   561
10448, 0,  10.73,  18.21,   169
10487, 0,  10.41,  21.91,   625
10526, 0,  10.25,  26.04,    82
10565, 0,   9.92,  26.91,     0
10604, 0,   9.89,  33.20,   959
10643, 0,   9.56,  39.21,   175
10682, 0,   9.33,  38.97,  2354
10721, 0,   8.77,  42.62,     0
10760, 0,   8.35,  43.69,     0
10799, 0,   7.69,  41.51,  3792
10838, 0,   7.04,  41.01,     0
10877, 0,   6.58,  40.06,     0
10916, 0,   6.22,  36.74,     0 // dip
10955, 0,   6.46,  38.12,  4095
10994, 0,   6.75,  42.57,  2891
11033, 0,   8.27,  46.85,     0
11072, 0,   8.47,  60.33,     0
11111, 0,   7.76,  68.96,     0
11150, 0,   7.79,  58.37,   380
11189, 0,   8.73,  67.84,  4095
11228, 0,  12.63,  56.36,  4095
11267, 0,  17.76,  70.10,     0
11306, 0,  23.47,  46.55,     0 // spike accel
11345, 0,  23.33,  62.45,     0
11384, 0,  16.95, 122.14,  2327 // spike gyro
11424, 0,  13.94,  99.59,     0
11463, 0,  11.50,  65.36,  3231
11502, 0,  10.93,  39.83,     0
11541, 0,  10.40,  34.77,  1429
11580, 0,  10.27,  44.63,     0
11619, 0,  10.46,  47.49,     0
11658, 0,  10.43,  34.11,     0
11698, 0,  10.56,  24.31,     0
11737, 0,  11.15,  12.04,  1457
11776, 0,  11.29,  18.46,   308
11815, 0,  10.11,  33.36,   697
11854, 0,   9.54,  29.50,  2049
11893, 0,   9.63,  22.63,     0
11932, 0,  10.06,  14.38,   351
11971, 0,  10.82,  14.54,   934
12010, 0,  10.94,  11.02,     0
12049, 0,  10.40,   7.84,   265
12088, 0,  10.10,  10.34,  1063
12127, 0,  10.06,  10.24,   742
12166, 0,   9.86,   4.33,  2377
12205, 0,   9.85,   8.12,     0
12244, 0,  10.23,  11.54,   763
12283, 0,  10.26,   9.25,     0
12322, 0,  10.10,   6.90,     0
12361, 0,   9.99,   7.28,     0
12400, 0,  10.05,   8.23,     0
12439, 0,  10.18,   8.44,     0
12478, 0,  10.16,   6.90,     0
12517, 0,  10.13,   5.40,   260
12556, 0,  10.08,   4.54,   678
12595, 0,  10.18,   4.60,     0
12634, 0,  10.28,   7.01,     0
12673, 0,  10.28,   5.82,  1921
12712, 0,  10.20,   5.42,   299
12751, 0,  10.18,   6.29,   411
12790, 0,  10.00,   7.60,     0
12829, 0,  10.27,  11.68,     0
12868, 0,   9.97,  12.52,  2286
12907, 0,   9.92,   9.55,  4010
12946, 0,  10.05,   7.18,  1668
12985, 0,   9.98,   4.97,   335
13024, 0,  10.16,   3.71,     0
13063, 0,  10.16,   3.18,     0
13102, 0,  10.19,   2.20,     0
13141, 0,  10.19,   0.94,     0
13180, 0,  10.19,   2.80,     0
13219, 0,  10.15,   4.14,     0
13258, 0,   9.97,   4.81,   866
13297, 0,  10.06,   4.59,   183
13336, 0,  10.06,   4.38,   277
13375, 0,  10.17,   5.14,  1426
13414, 0,  10.23,   3.16,   300
13453, 0,  10.36,   3.89,     0

22244, 0,  10.36,  17.79,   909 // FALL SITTING DOWN MATT
22284, 0,  10.50,  20.24,     0
22323, 0,   9.69,  19.45,   804
22362, 0,   9.41,  16.08,     0
22401, 0,  10.09,  13.05,   298
22440, 0,  11.34,   4.93,   251
22479, 0,  11.28,   6.40,   208
22518, 0,  10.15,   7.58,     0
22557, 0,   9.34,   8.10,   269
22596, 0,   9.11,  11.62,   222
22635, 0,   9.35,  12.54,   276
22674, 0,  10.08,  11.81,   173
22713, 0,  10.52,   5.93,     0
22752, 0,  10.30,   3.91,   424
22791, 0,   9.73,  12.19,   252
22830, 0,   8.88,  19.42,     0
22869, 0,   8.25,  29.97,   510
22908, 0,   8.56,  25.84,   786
22947, 0,   9.88,  15.86,     4
22986, 0,  12.15,  13.89,   399
23025, 0,  12.65,  11.92,     6
23064, 0,  12.19,  14.79,  1127
23103, 0,  12.41,  20.34,     0
23142, 0,  12.15,  31.08,  1150
23181, 0,  11.28,  36.94,   567
23220, 0,   9.50,  48.55,   222
23259, 0,   6.63,  68.56,   691
23298, 1,   4.41,  78.11,  1159
23337, 1,   4.03,  65.62,     0
23376, 1,   1.96,  65.54,     0 //dip
23415, 1,   4.18,  60.95,     0
23454, 1,   8.64,  44.36,  3719
23493, 1,   3.60,  29.44,  4095
23532, 1,   8.27,  79.51,  4095
23571, 2,  16.05,  73.29,     0
23610, 2,  18.20, 155.41,     0 //spike gyro
23650, 2,  18.29, 133.25,  4095 //spike accel
23689, 2,  12.59,  44.41,     0
23729, 2,   6.33,  52.03,  3098
23768, 2,   3.82,  78.23,     0
23807, 2,   1.58,  45.91,    29
23846, 2,   6.30,  34.35,     0
23885, 2,  10.33,  39.63,   921
23924, 2,  13.43,  46.17,     0
23963, 2,  13.63,  35.83,     0
24002, 2,  14.56,  24.04,  1201
24041, 2,  13.45,  33.87,   718
24080, 2,  11.08,  28.39,   331
24119, 2,   8.65,  18.04,  1027
24158, 2,   6.66,  20.44,   134
24197, 2,   7.93,  20.42,     0
24236, 2,  11.14,  10.81,    93
24275, 2,  12.55,  11.85,   386
24314, 2,  11.64,   4.47,     0
24353, 2,  10.96,  10.56,   363
24392, 2,   9.43,  15.91,  1355
24431, 2,   9.46,  18.80,   374
24470, 2,   9.70,  14.27,   456


142617, 0,  10.04,  22.14,    18 // SIT ON CHAIR
142657, 0,  10.47,  22.08,    19
142696, 0,  11.49,  27.82,    20
142736, 0,  11.45,  31.68,    39
142775, 0,  11.64,  14.31,   433
142814, 0,  12.58,  23.82,    20
142853, 0,  11.73,  33.40,     0
142893, 0,  11.07,  32.59,   403
142932, 0,  10.99,  34.38,     0
142971, 0,  10.07,  35.60,  1518
143010, 0,   9.56,  29.93,   301
143049, 0,   8.98,  23.32,     0
143088, 0,   8.04,  20.74,   464
143127, 0,   7.27,  20.70,    39
143166, 0,   6.36,  22.38,  1092
143205, 1,   5.99,  26.29,     0 //dip
143244, 1,   8.18,  38.93,   519
143283, 1,  10.07,  36.30,   140
143322, 2,  13.65,  41.68,     1
143361, 2,  15.66,  26.41,     1 //peak accel
143400, 2,  14.13,  32.72,   170
143440, 2,  12.33,  34.84,  1116
143479, 2,  10.43,  33.75,   301
143518, 2,   9.46,  28.37,     2
143557, 2,   8.63,  29.77,   595
143596, 2,   7.89,  36.09,   870
143635, 2,   7.40,  56.24,   824
143674, 2,   9.75,  73.55,     5
143713, 2,  13.33,  69.39,     8
143753, 2,  14.02,  74.60,     8
143792, 2,  13.15,  51.55,  1584
143831, 2,  12.18,  22.79,     9
143871, 2,  10.97,   9.61,   378
143910, 2,  10.00,   8.67,   500
143949, 2,   9.51,  10.07,   196
143988, 2,   9.76,  11.27,   972
144027, 2,   9.98,   3.95,     9
144066, 2,  10.44,   3.95,   200
144105, 2,  10.87,   5.52,   528
144144, 2,  10.96,   7.39,    13
144183, 2,  10.83,   3.78,  1521
144222, 2,  10.31,   3.78,    15
144261, 2,   9.94,   5.68,    16
144300, 2,   9.76,   5.96,  1115
144339, 2,   9.63,   7.86,   951
144378, 2,   9.35,  10.61,    18
144417, 2,   8.69,  12.98,   677
144456, 2,   8.54,  16.65,    19
144495, 2,   8.35,  22.77,   942
144534, 2,   8.18,  26.61,    19
144573, 2,   9.41,  25.79,   212


7132, 0,  10.36,  20.83,   747 // SIT ON COUCH
7172, 0,  10.16,  21.38,     0
7211, 0,  10.12,  19.47,     0
7250, 0,  10.23,  15.66,   975
7289, 0,  10.24,  12.97,    60
7328, 0,  10.22,  10.42,  1073
7367, 0,  10.21,   5.46,     0
7406, 0,  10.11,   3.18,    96
7445, 0,  10.05,   7.19,  1294
7484, 0,   9.99,  13.83,     0
7523, 0,   9.96,  18.47,     0
7562, 0,  10.12,  24.10,     0
7601, 0,  10.23,  25.98,  2363
7640, 0,  10.26,  26.12,     0
7679, 0,  10.25,  26.04,   116
7718, 0,  10.25,  26.37,  1379
7757, 0,  10.22,  24.99,     0
7796, 0,  10.29,  22.35,   129
7835, 0,  10.21,  19.09,   647
7874, 0,  10.16,  17.37,   699
7913, 0,  10.11,  15.77,     0
7952, 0,  10.11,  15.56,     0
7991, 0,  10.11,  13.08,   352
8030, 0,  10.04,  10.12,     0
8069, 0,   9.88,   9.12,   839
8108, 0,   9.81,   9.96,   136
8147, 0,   9.56,  11.05,   486
8186, 0,   9.44,  13.30,     0
8225, 0,   9.11,  15.42,     0
8264, 0,   8.87,  18.36,   681
8303, 0,   8.88,  18.71,   242
8342, 0,   8.94,  21.16,   139
8381, 0,   8.70,  22.89,   124
8420, 0,   8.53,  20.58,     7
8459, 0,   8.34,  18.36,   122
8498, 0,   8.27,  26.12,   415
8537, 0,   8.46,  27.65,  1619
8576, 0,   8.40,  31.85,     0
8615, 0,   9.07,  35.17,     0
8654, 0,   9.99,  40.82,    78
8693, 0,  10.55,  48.62,   679
8732, 0,  11.06,  62.81,   595
8771, 0,  11.26,  78.32,   431
8810, 0,  11.42,  86.70,  1870
8849, 0,  11.20,  90.64,   600
8888, 0,  11.02, 101.19,   198 // peak gyro
8927, 0,  11.31, 100.39,   420
8966, 0,  11.47,  86.93,     0
9005, 0,  12.51,  73.10,     0
9044, 0,  12.85,  67.33,   504 // peak accel
9083, 0,  12.02,  69.46,     0
9122, 0,  12.19,  82.05,   730
9161, 0,  12.73,  75.21,   998
9200, 0,  11.40,  40.75,     0
9239, 0,   9.91,  24.16,     0
9278, 0,   9.61,  30.07,   438
9317, 0,  10.24,  28.61,   670
9356, 0,  10.50,  22.18,   251
9395, 0,  10.67,  13.39,   145
9434, 0,  10.73,   5.85,     0
9473, 0,  10.91,   4.57,   702
9512, 0,  10.68,   5.15,  1399
9551, 0,  10.50,   8.43,   114
9590, 0,  10.30,  10.61,   100
9629, 0,  10.30,  10.49,   468
9668, 0,  10.18,  10.97,   403
9707, 0,  10.32,  11.88,     0
9746, 0,  10.06,  10.52,   668
9785, 0,  10.00,  11.32,     0
9824, 0,  10.52,  10.69,    32
9863, 0,  10.65,   8.68,   163
9902, 0,  10.31,   7.98,   821
9941, 0,  10.28,   8.49,   690
9980, 0,  10.42,   6.79,     0
10019, 0,  10.25,   6.61,    78
10058, 0,  10.15,   7.80,     0
10097, 0,  10.20,   7.13,   278
10136, 0,  10.28,   5.22,   148
10175, 0,  10.32,   4.15,   138
10214, 0,  10.29,   5.66,   395
10253, 0,  10.37,   6.48,     0
10292, 0,  10.31,   6.64,     0
10331, 0,  10.23,   8.41,   277
10370, 0,  10.16,  10.40,   151
10409, 0,  10.29,   6.82,   507
10448, 0,  10.34,   3.18,     0


4478, 0,  10.40,  23.77,   160 // CHAIR TEST 3
4518, 0,  10.53,  25.94,     0
4557, 0,  10.11,  32.18,    58
4596, 0,   9.99,  29.61,   258
4635, 0,   9.94,  21.81,   490
4674, 0,   9.66,  21.76,   262
4713, 0,   9.69,  24.32,   721
4752, 0,  10.11,  32.00,   842
4791, 0,  10.30,  36.81,     0
4830, 0,  11.12,  37.06,    99
4869, 0,  10.92,  29.91,     0
4908, 0,  10.35,  18.55,   346
4947, 0,  10.03,  15.42,   247
4986, 0,   9.61,  23.77,   336
5025, 0,   9.96,  35.90,   324
5064, 0,  10.43,  48.04,     0
5103, 0,  10.50,  50.68,     0
5142, 0,  10.09,  44.85,   173
5181, 0,   9.71,  32.07,   499
5220, 0,   9.46,  18.63,     0
5259, 0,   9.27,  15.81,    96
5298, 0,   9.04,  22.42,   186
5337, 0,   8.82,  24.73,   299
5376, 0,   8.82,  27.62,     0
5415, 0,   8.96,  25.21,   114
5454, 0,   8.90,  25.41,   154
5493, 0,   8.90,  27.15,     0
5532, 0,   9.00,  24.76,   130
5571, 0,   9.09,  20.17,   480
5610, 0,   8.83,  18.18,   496
5649, 0,   8.84,  18.39,    98
5688, 0,   9.24,  16.82,   140
5727, 0,   9.97,  17.75,   943
5766, 0,  10.27,  16.13,   578
5805, 0,  10.71,  10.58,     0
5844, 0,  11.26,   5.43,     0
5883, 0,  11.57,   7.48,     0
5922, 0,  11.98,  15.23,   344
5961, 0,  12.18,  22.50,   336 // peak accel
6000, 0,  12.03,  31.37,     0
6039, 0,  11.87,  37.79,   602
6078, 0,  11.50,  40.12,   139
6117, 0,  11.39,  43.88,   445
6156, 0,  11.17,  44.15,    37
6195, 0,  11.21,  38.43,     0
6234, 0,  10.98,  31.92,     0
6273, 0,  10.94,  24.99,   104
6312, 0,  10.70,  24.93,   334
6351, 0,  10.91,  49.06,   204
6390, 0,  11.17,  62.85,   332
6429, 0,  11.23,  67.13,   587
6468, 0,  10.89,  68.95,   430
6507, 0,  10.99,  50.38,     0
6546, 0,  10.50,  29.38,   170
6585, 0,  10.65,  15.16,     0
6624, 0,  10.26,   9.88,   530
6663, 0,  10.45,   9.31,     0
6702, 0,  10.42,  10.67,   428
6741, 0,  10.33,   8.91,   705
6780, 0,  10.43,   5.12,     0
6819, 0,  10.39,   2.76,   218
6858, 0,  10.31,   0.82,     0
6897, 0,  10.39,   1.21,    70
6936, 0,  10.20,   1.42,   760
6975, 0,  10.38,   2.80,   241
7014, 0,  10.23,   2.64,   116
7053, 0,  10.47,   3.89,     0
7092, 0,  10.13,   4.08,     0
7131, 0,  10.41,   6.25,   115
7170, 0,  10.28,   4.21,   269
7209, 0,  10.38,   3.42,   499

10133, 0,   9.89,   2.82,    33 // CHAIR GYRO TEST
10172, 0,   9.98,   2.14,  1241
10211, 0,   9.98,   0.57,    34
10250, 0,  10.00,   2.28,   718
10289, 0,   9.94,   3.35,    35
10328, 0,   9.82,   4.76,   585
10367, 0,   9.85,   3.95,    37
10406, 0,   9.93,   4.39,  1496
10445, 0,   9.86,   7.75,    37
10484, 0,   9.86,   9.81,  1891
10523, 0,   9.93,   9.66,    38
10562, 0,   9.82,   9.02,    38
10601, 0,   9.82,   8.16,   841
10640, 0,   9.74,   9.86,    40
10679, 0,   9.80,  12.89,  1450
10718, 0,   9.69,  16.72,    40
10757, 0,   9.28,  18.61,    40
10796, 0,   8.52,  21.78,    40
10835, 0,   7.90,  22.14,   465
10874, 0,   7.67,  22.42,   236
10913, 0,   8.07,  23.40,   684
10952, 0,   8.57,  22.19,   220
10991, 0,   8.34,  24.49,    44
11030, 0,   8.68,  33.39,   521
11069, 0,   8.48,  36.53,    46
11108, 0,   9.02,  41.65,  1780
11147, 0,   9.75,  36.07,    47
11186, 0,  10.04,  36.70,   352
11225, 0,  10.29,  41.40,   261
11264, 0,  10.51,  48.53,   375
11303, 0,  10.84,  49.83,   284
11342, 0,  11.10,  53.38,   866
11381, 0,  11.21,  53.76,  1191 // peak gyro, sitting down
11420, 0,  12.01,  55.27,    52
11459, 0,  13.86,  53.29,  1205
11498, 0,  12.93,  49.87,   751
11537, 0,  11.98,  37.92,   327
11576, 0,  10.89,  31.99,    61
11615, 0,  10.06,  28.38,  1238
11654, 0,  10.22,  24.45,  1010
11693, 0,  10.57,  21.28,   320
11732, 0,  10.62,  16.58,   152
11771, 0,  10.52,  12.64,    57
11810, 0,  10.30,   8.91,   980
11849, 0,  10.06,   8.38,    59
11888, 0,  10.03,   8.87,    58
11927, 0,  10.08,   8.77,   384
11966, 0,  10.23,   7.42,   685
12005, 0,  10.28,   5.84,    89
12044, 0,  10.23,   4.00,   875
12083, 0,  10.21,   2.79,   793
12122, 0,  10.22,   1.83,   244
12161, 0,  10.21,   1.21,   683
12200, 0,  10.22,   2.00,    63
12239, 0,  10.15,   2.53,  1162
12278, 0,  10.21,   3.52,    64
12317, 0,  10.33,   4.77,   992
12356, 0,  10.11,   4.76,   204
12395, 0,  10.13,   4.44,   239
12434, 0,  10.19,   3.21,   521
12473, 0,  10.26,   2.60,   886
12512, 0,  10.05,   2.06,    68
12551, 0,   9.95,   4.90,    70
12590, 0,  10.02,   8.27,  1066
12629, 0,  10.03,  15.23,    69
12668, 0,  10.19,  23.91,   988
12707, 0,  10.96,  31.58,    72
12746, 0,  12.36,  37.06,   771
12785, 0,  12.65,  41.75,   348
12824, 0,  12.49,  53.19,   521
12863, 0,  12.15,  56.62,    74
12902, 0,  12.19,  54.29,   418
12941, 0,  12.12,  55.88,  1183
12980, 0,  12.13,  60.78,    75
13019, 0,  12.01,  66.71,   128
13058, 0,  11.40,  68.13,  1258 //peak gyro, standing up
13097, 0,  10.81,  68.87,    77
13136, 0,  10.65,  62.12,   416
13175, 0,   9.86,  56.08,   717
13214, 0,   8.63,  46.52,   412
13253, 0,   6.67,  34.12,   555
13292, 1,   5.42,  25.08,   567
13331, 1,   5.47,  17.41,   318
13370, 1,   6.34,  20.01,    80
13409, 1,   7.89,  21.36,  1371
13448, 1,   9.29,  24.27,    81
13487, 1,  10.41,  24.84,   750
13526, 1,  10.07,  16.91,    83
13565, 1,  10.05,  17.88,   210
13604, 1,   9.86,  17.24,   593
13643, 1,   9.65,  15.47,   785
13682, 1,   9.67,  13.79,    85
13721, 1,   9.88,  10.21,   700
13760, 1,   9.94,   7.76,    91
13799, 1,  10.01,   7.11,   250
13838, 1,  10.01,   7.50,   364
13877, 1,   9.98,  16.88,  1313
13916, 1,  10.30,  33.23,   553
13955, 1,  10.05,  19.45,    89
13994, 1,  10.32,   4.73,   233
14033, 1,   9.94,   9.43,   768
14072, 1,  10.05,  12.91,   341
14111, 1,  10.05,  12.78,   256
14150, 1,   9.84,   9.32,   242
14189, 1,   9.75,   6.60,   965
14228, 1,   9.92,   6.69,   216
14267, 1,   9.92,   6.31,   804
14306, 1,   9.90,   4.60,   211


24581, 0,  13.76,  79.54,   100 // LIGHT SHAKING ?????
24620, 0,  14.35,  58.54,   101
24659, 0,  14.79,  27.89,   740
24698, 0,  15.37,   4.81,   595
24737, 0,  16.12,  37.02,   284
24776, 0,  15.07,  78.81,   713
24815, 0,  13.14, 111.63,   567
24855, 0,  10.93, 130.01,   104
24894, 0,   9.34, 127.91,   935
24933, 0,   8.92, 121.64,   607
24972, 0,   8.76, 120.51,   397
25011, 0,   8.46, 120.99,   383
25050, 0,   8.20, 113.74,   138
25089, 0,   7.90, 101.57,   355
25128, 0,   7.24,  86.46,   967
25167, 0,   6.73,  65.46,   587
25206, 0,   6.20,  43.61,   181
25245, 1,   5.66,  27.35,   194
25284, 1,   5.43,  36.59,   610
25323, 1,   5.62,  67.55,   111
25362, 1,   6.24, 102.26,   111
25401, 1,   7.10, 124.20,  1249
25440, 1,   8.28, 137.17,  1121
25479, 1,   8.99, 138.96,   111
25518, 1,  10.57, 145.44,   113
25558, 2,  12.37, 138.45,   116
25597, 2,  14.80, 123.47,   114
25637, 2,  15.78,  90.82,   378
25676, 2,  15.90,  65.23,   116
25715, 2,  15.55,  41.62,   668
25754, 2,  14.46,  32.24,   548
25793, 2,  13.90,  39.34,   661
25832, 2,  13.58,  61.59,   238
25871, 2,  12.64,  82.78,   922
25910, 2,  11.85,  95.71,   118
25949, 2,  10.85, 108.24,   583
25988, 2,  10.04, 113.52,   119
26027, 2,   9.48, 117.09,   120
26066, 2,   8.54, 121.12,   920
26105, 2,   7.74, 113.04,   679
26144, 2,   7.36,  95.29,   589
26183, 2,   7.20,  77.14,  1019
26222, 2,   6.96,  57.55,   838
26261, 2,   6.86,  33.35,   122
26300, 2,   6.72,  16.53,   779
26339, 2,   7.13,  43.21,   470
26378, 2,   8.03,  63.78,   411
26417, 2,   8.36,  76.46,   124
26456, 2,   8.97,  85.72,   963
26495, 2,   9.23,  94.50,  1489
26534, 2,   9.63, 102.35,   125
26573, 2,  10.76, 106.50,   126
26612, 2,  11.90,  99.61,   126
26651, 2,  13.11,  85.98,  1118
26690, 2,  13.86,  62.82,   127
26729, 2,  13.97,  36.89,   415
26768, 2,  13.29,  13.91,   129
26807, 2,  12.16,  22.31,   853
26846, 2,  11.14,  31.87,  1025
26885, 2,  10.40,  36.87,   165
26924, 2,   9.81,  31.91,   923
26963, 2,   9.72,  27.25,   228
27002, 2,   9.71,  23.88,   883
27041, 2,  10.23,  27.36,   132
27080, 2,   9.82,  64.38,   901
27119, 2,   9.19,  67.93,   142
27158, 2,   9.47,  37.21,   235


2956, 0,  10.87,  12.02,     0 // FALL FORWARDS YI AN
2996, 0,  10.87,   6.99,   198
3035, 0,  10.46,   8.78,     0
3074, 0,  10.39,   7.08,    22
3113, 0,  10.32,   6.83,     0
3152, 0,  10.40,   8.33,   194
3191, 0,  10.40,   7.51,     0
3230, 0,  10.26,   6.66,    18
3269, 0,  10.27,   6.47,   141
3308, 0,  10.25,   6.29,     0
3347, 0,  10.27,   4.86,     0
3386, 0,  10.31,   5.09,   511
3425, 0,  10.42,   5.58,   290
3464, 0,  10.45,  10.37,     0
3503, 0,  10.46,  15.01,   322
3542, 0,  10.23,  18.26,     0
3581, 0,   9.74,  20.03,   660
3620, 0,   9.74,  13.99,   139
3659, 0,  10.21,   9.54,     0
3698, 0,  10.49,  11.64,    34
3737, 0,  10.49,  21.94,     0
3776, 0,  10.07,  28.93,   118
3815, 0,   9.49,  32.54,   219
3854, 0,   8.45,  45.16,   158
3893, 0,   7.04,  65.37,    14
3932, 0,   6.44,  72.87,   643
3971, 0,   7.27,  77.47,   161
4010, 0,   8.72,  80.54,   255
4049, 0,   9.93,  62.65,     0
4088, 0,  10.44,  41.33,   374
4127, 0,  11.01,  50.52,   856
4166, 0,  11.77,  84.12,     0
4205, 0,  12.33, 128.12,   186
4244, 0,  10.46, 170.05,   237
4283, 0,  10.14, 173.08,   622
4322, 0,   9.70, 167.96,   507
4361, 0,   9.28, 142.50,   215
4400, 0,   8.73, 123.52,   969
4439, 0,   7.44, 114.61,     0
4478, 0,   6.35,  89.96,     0
4517, 1,   5.87,  80.25,     0 //dip below 6
4556, 1,   4.39, 112.72,  4095
4595, 1,   4.18, 116.16,     0
4634, 1,   5.94,  88.09,     0
4673, 1,   5.56, 112.23,  4095
4712, 2,  12.99, 172.22,  4095 //spike
4751, 2,  17.59, 188.83,     0
4790, 2,  20.61, 186.93,     0
4829, 2,  17.46, 179.76,     0
4868, 2,  15.37, 150.44,     0
4907, 2,  11.16,  97.52,  3549
4946, 2,   8.86,  71.53,  4042
4985, 2,   9.00,  52.96,     0
5024, 2,   9.61,  65.67,  1337
5063, 2,  10.30,  67.40,     0
5102, 2,  10.13,  52.33,     0
5141, 2,  10.52,  31.08,  1685
5180, 2,  10.63,  19.28,     3
5219, 2,  10.46,  19.71,     0
5258, 2,  10.13,  27.68,  1367
5297, 2,   9.04,  40.00,   435
5336, 2,  10.01,  53.53,   348
5375, 2,  11.25,  53.66,     0
5414, 2,  10.42,  43.15,   517
5453, 2,  10.37,  34.97,     0
5492, 2,  10.48,  27.68,     0
5531, 2,  10.21,  21.19,   146
5570, 2,  10.20,  11.47,   508
5609, 2,  10.96,  32.61,   916
5648, 2,  11.03,  59.72,    64
5687, 2,  10.54,  63.17,   184


7989, 0,  10.25,   5.57,   265 // FALL FORWARDS YI AN 2
8028, 0,  10.18,   7.03,     0
8067, 0,  10.21,  12.91,   680
8106, 0,  10.11,  11.63,     0
8145, 0,  10.18,  10.33,   679
8184, 0,  10.16,   6.64,   694
8223, 0,  10.12,   6.04,     0
8262, 0,  10.03,   9.47,   432
8301, 0,  10.08,   9.62,     0
8340, 0,  10.13,   7.57,   485
8379, 0,  10.16,   6.20,   714
8418, 0,  10.09,   5.82,     0
8457, 0,  10.05,   5.79,   340
8496, 0,   9.96,  10.15,   373
8535, 0,   9.99,  18.31,   110
8574, 0,   9.90,  20.82,   722
8613, 0,   9.98,  16.96,     0
8652, 0,  10.04,  13.04,  1053
8691, 0,   9.97,  10.55,     0
8730, 0,   9.78,  10.74,   359
8769, 0,   9.54,  13.95,     8
8808, 0,   9.22,  20.32,   138
8847, 0,   9.09,  25.62,   506
8886, 0,   9.33,  29.86,   932
8925, 0,   9.89,  26.83,   368
8964, 0,  10.03,  21.84,   286
9003, 0,   9.76,  17.94,   541
9042, 0,   9.77,  16.62,     0
9081, 0,   9.38,  15.39,  1235
9120, 0,   9.02,  19.48,   288
9159, 0,   9.12,  21.13,     0
9198, 0,   9.00,  17.14,   730
9237, 0,   8.86,  18.19,     2
9276, 0,   8.38,  14.99,   962
9315, 0,   7.96,  12.39,   181
9354, 0,   8.03,  13.13,     4
9393, 0,   7.07,  37.60,  1340
9432, 0,   6.55,  71.69,   686
9471, 1,   5.88,  98.47,   569 
9510, 1,   5.70, 121.97,  3377
9549, 1,   2.64, 122.98,     0 // min
9588, 1,   9.51, 128.53,     0
9627, 1,   3.42, 355.10,  4095
9666, 1,  10.93, 719.15,  1837
9705, 2,  15.85, 558.98,     0 //max
9744, 2,  15.66, 318.06,     0
9783, 2,  13.17, 180.28,     0
9822, 2,  10.49,  94.25,     0
9861, 2,  11.68,  69.30,   458
9900, 2,  11.29,  39.48,  4095
9939, 2,  10.62,  24.52,     0
9978, 2,   9.74,  10.95,  1049
10017, 2,   9.72,   4.38,    60
10056, 2,   9.90,   5.69,   132
10095, 2,  10.43,  16.23,   208
10134, 2,  10.14,  13.03,  1196
10173, 2,   9.98,  13.11,  1255
10212, 2,  10.15,  12.79,     0
10251, 2,   9.73,  13.03,   587
10290, 2,  10.11,  15.05,     0
10329, 2,   9.88,  11.06,     0
10368, 2,   9.76,  10.97,   975
10407, 2,  10.01,   7.30,     0
10446, 2,   9.89,   6.58,   738
10485, 2,  10.17,   4.08,     0
10524, 2,   9.93,   3.13,  1520
10563, 2,  10.27,   3.36,     0
10602, 2,  10.06,   1.43,   123
10641, 2,  10.30,   1.27,   232
10680, 2,  10.30,   3.39,   549
10719, 2,  10.61,   4.43,     0
10758, 2,  10.53,   6.30,     0
10797, 2,  10.47,   9.01,   325

11033, 0,  10.11,  16.05,     0 // FALL BACKWARDS YI AN
11073, 0,  10.41,  27.09,   258
11112, 0,  10.05,  27.66,   652
11151, 0,   9.91,  13.35,   334
11190, 0,  10.04,   8.81,     0
11229, 0,  10.42,   9.79,   455
11268, 0,  10.54,   8.80,   383
11307, 0,  10.58,  14.11,    61
11346, 0,  10.44,  20.34,   122
11385, 0,  10.33,  24.45,     0
11424, 0,  10.29,  25.28,   304
11463, 0,  10.06,  28.11,   566
11502, 0,   9.87,  30.31,     0
11541, 0,   9.55,  31.32,   541
11580, 0,   9.44,  36.50,   329
11619, 0,   9.41,  36.75,    84
11658, 0,   8.70,  40.22,   121
11697, 0,   7.83,  51.57,   527
11736, 0,   7.41,  57.14,   683
11775, 0,   7.51,  43.73,     0
11814, 0,   8.58,  51.39,   285
11853, 0,   8.91,  60.18,   308
11892, 0,   8.45,  61.61,     0
11931, 0,   8.66,  76.76,   897
11970, 0,   8.77,  77.59,   720
12009, 0,   8.43,  72.33,   586
12048, 0,  11.64,  31.29,   690
12087, 0,  13.06,  86.48,     0
12126, 0,  11.55,  94.75,  2469
12165, 0,  14.77,  57.23,     0
12205, 0,  11.62, 153.60,   677
12244, 0,  11.28, 115.69,     0
12284, 0,  10.98,  47.68,  4095
12323, 0,  14.72,  49.84,  1903
12362, 0,  11.42,  81.64,  1164
12401, 0,  10.27,  63.00,     0
12440, 0,   7.77,  49.51,     0
12479, 0,   7.37,  35.50,  3452
12518, 0,  12.60,  30.13,  3273
12557, 0,  19.32,  16.56,     0 // errrr
12596, 0,  16.02,  20.33,     0
12635, 0,  11.17,  37.62,     0
12674, 0,   8.33,  48.14,  1544
12713, 0,   7.50,  60.25,  1215
12752, 0,   9.06,  54.53,     0
12791, 0,   9.50,  44.78,     0
12830, 0,   8.92,  29.92,   300
12869, 0,   9.32,  28.77,   602
12908, 0,   9.82,  22.18,    17
12947, 0,   9.43,  19.65,   133
12986, 0,   9.95,  16.37,   577
13025, 0,  10.81,  15.18,     0
13064, 0,  11.05,  13.98,     5
13103, 0,  10.84,  11.78,     0
13142, 0,  10.39,   7.54,   387
13181, 0,   9.91,  11.16,   204
13220, 0,   9.84,  11.28,   499
13259, 0,   9.71,   9.70,     0
13298, 0,   9.67,  10.26,   163
13337, 0,   9.89,  12.12,   593
13376, 0,  10.35,  12.07,     0
13415, 0,  10.58,   9.31,   478
13454, 0,  10.50,   6.15,     0
13493, 0,  10.30,   3.71,    15
13532, 0,   9.97,   1.94,   144
13571, 0,   9.71,   2.95,    14
13610, 0,   9.90,   7.56,   115
13649, 0,  10.24,  12.85,   470
13688, 0,  10.71,  32.14,   679
13727, 0,  10.54,  53.62,     0
13766, 0,  10.48,  51.02,   258
13805, 0,  10.07,  25.81,   112
13844, 0,   9.81,   9.60,   862
13883, 0,   9.93,  18.33,     0
13922, 0,  10.08,  19.74,   649
13961, 0,  10.05,   7.45,   350
14000, 0,   9.94,  14.29,     0
14039, 0,   9.85,  23.81,   210
14078, 0,  10.26,  29.63,     0
14118, 0,  10.16,  30.23,     0
14157, 0,   9.73,  27.46,    94
14196, 0,   9.80,  17.33,   111

8415, 0,   9.77,   3.92,   701 // FALL BACKWARDS 2 YI AN
8454, 0,   9.86,  12.08,   801
8493, 0,   9.90,  13.70,   437
8532, 0,  10.08,   8.69,   107
8571, 0,   9.96,   5.42,   704
8610, 0,   9.94,   6.81,   373
8649, 0,   9.93,   9.19,   614
8688, 0,   9.90,  11.79,   230
8727, 0,   9.88,  12.50,   566
8766, 0,   9.87,  11.83,   128
8805, 0,   9.84,  12.62,   264
8844, 0,   9.75,  12.95,   635
8883, 0,   9.76,  12.16,   155
8922, 0,   9.87,  12.69,   408
8961, 0,   9.76,  13.60,   734
9000, 0,   9.71,  15.04,   240
9039, 0,   9.66,  20.71,   464
9078, 0,   9.22,  20.77,     0
9117, 0,   8.69,  17.15,   844
9156, 0,   7.96,  19.34,   682
9195, 0,   7.30,  21.47,     0
9234, 0,   6.11,  22.88,    55
9273, 1,   4.78,  28.52,     0 
9312, 1,   3.87,  48.21,   919
9351, 1,   3.16,  50.21,  1497
9390, 1,   2.10,  58.69,     0 //dip
9429, 1,   2.53,  56.78,     0
9468, 1,   9.25,  47.57,     0
9507, 1,   5.49,  55.21,     0
9546, 1,   6.39,  29.16,  4095
9585, 2,  13.86,  92.50,  1745
9624, 2,  17.51, 137.28,     0 //peak
9663, 2,  17.66, 143.04,     0
9702, 2,   7.82, 122.08,  1167
9741, 2,   7.97, 112.29,  3842
9780, 2,   6.96, 104.45,  2079
9819, 2,   5.24, 111.04,  1040
9858, 2,   6.87, 104.15,  1105
9897, 2,   8.17,  86.28,  1531
9936, 2,   9.87,  59.28,     0
9975, 2,  11.37,  38.86,   137
10014, 2,  11.76,  29.50,   838
10053, 2,  10.70,  32.37,     0
10092, 2,  10.43,  36.96,     0
10131, 2,  10.42,  36.40,     0
10170, 2,  10.46,  26.94,  2052
10209, 2,   9.65,  25.11,  1974
10248, 2,   9.10,  18.60,   166
10287, 2,  10.21,  16.40,     0
10326, 2,  11.41,  16.91,     0
10366, 2,  11.30,  17.00,   244
10405, 2,  10.21,  15.04,   855
10444, 2,   9.82,  10.77,   273
10483, 2,  10.12,  13.11,     0
10522, 2,  10.15,  14.29,   287
10561, 2,  10.14,  11.62,     0
10600, 2,  10.22,   8.57,     0
10639, 2,  10.26,   7.81,   573
10678, 2,  10.16,   6.09,     0
10717, 2,  10.10,   4.66,   500
10756, 2,  10.15,   5.15,   669
10795, 2,  10.22,   5.67,     0
10834, 2,  10.22,   6.34,   403
10873, 2,  10.22,   6.58,     0
10912, 2,  10.20,   5.91,   503
10951, 2,  10.18,   4.65,   649
10990, 2,  10.19,   3.78,    52
11029, 2,  10.20,   3.46,    75
11068, 2,  10.22,   3.73,     0
11107, 2,  10.26,   4.12,     0
11146, 2,  10.22,   4.37,   167
11185, 2,  10.14,   4.50,     0
11224, 2,  10.07,   8.87,    79
11263, 2,  10.21,   7.56,     0
11302, 2,  10.23,   8.62,   674
11341, 2,  10.30,   8.59,     0
11380, 2,   9.99,   8.03,   366
11419, 2,  10.07,   8.21,  1054
11458, 2,  10.14,   7.65,     0
11497, 2,  10.16,   4.85,   441
11536, 2,  10.17,   3.71,     0
11575, 2,  10.20,   2.52,   218
11614, 2,  10.13,   2.25,   254



7794, 0,  10.16,   3.07,     0
7833, 0,  10.21,   2.90,   100
7872, 0,  10.29,   5.52,   320
7911, 0,  10.05,   6.99,   172
7950, 0,  10.08,   9.57,   513
7989, 0,  10.06,  12.59,     0
8028, 0,  10.06,  15.47,   456
8067, 0,  10.20,  17.92,     0
8106, 0,  10.34,  20.48,     0
8145, 0,  10.69,  24.28,     0
8184, 0,  10.60,  30.72,   623
8223, 0,  10.87,  47.07,   403
8262, 0,  11.71,  61.69,   698
8301, 0,  11.10,  72.78,  1302
8340, 0,  11.10,  85.93,   958
8379, 0,  11.36,  94.57,   915
8418, 0,  11.57,  96.76,     0
8457, 0,  11.56,  95.63,   238
8496, 0,  11.02, 102.02,     0
8535, 0,  10.62, 104.97,     0
8574, 0,   9.93,  97.65,   143
8613, 0,   9.11,  97.64,   932
8652, 0,   8.71, 107.73,   591
8691, 0,   8.63, 111.21,   269 // peak rotation
8730, 0,   8.63, 108.73,     0
8769, 0,   8.04, 105.28,   680
8808, 0,   8.33, 102.51,     0
8847, 0,   8.16,  96.03,   554
8886, 0,   8.36,  89.14,   136
8925, 0,   8.47,  81.59,   317
8964, 0,   8.96,  72.68,   421
9003, 0,   9.76,  61.68,     0
9042, 0,  10.03,  49.51,   146
9081, 0,   9.91,  37.19,     0
9120, 0,   9.82,  29.40,    45
9159, 0,   9.76,  26.40,   427
9198, 0,   9.65,  25.10,     0
9237, 0,   9.83,  24.04,   669
9276, 0,   9.97,  22.22,     0
9315, 0,   9.93,  19.34,     7
9354, 0,   9.85,  15.36,   201
9393, 0,   9.79,  10.86,     0
9432, 0,   9.83,   7.40,   542
9471, 0,   9.80,   5.64,   259
9510, 0,   9.75,   5.18,   280
9549, 0,   9.75,   5.30,   739
9588, 0,   9.77,   5.54,   402
9627, 0,   9.75,   5.29,   622


10484, 0,   9.85,  10.55,     0 // JUMP
10524, 0,   9.95,   7.46,   333
10563, 0,   9.91,   9.18,     0
10602, 0,   9.81,  16.05,   201
10641, 0,   9.85,  13.41,     0
10680, 0,   9.77,   9.43,     0
10719, 0,   9.76,   7.63,   271
10758, 0,   9.77,   5.79,   468
10797, 0,   9.82,   4.31,   680
10836, 0,   9.86,   4.22,     0
10875, 0,   9.62,   5.53,     0
10914, 0,   9.03,  10.91,     0
10953, 0,   7.72,  19.99,     0
10992, 1,   5.86,  35.98,   611
11031, 1,   4.77,  38.92,     0
11070, 1,   6.45,  11.69,  1253
11109, 1,  10.38,  22.70,   194
11148, 2,  15.55,  18.31,     0
11188, 2,  18.47,  16.17,     0
11227, 2,  20.33,  40.63,     0
11266, 2,  18.31,  44.20,     0
11305, 2,  13.60,  51.27,   434
11344, 2,   7.85,  56.67,     0
11383, 2,   3.36,  50.56,  1320
11422, 2,   2.20,  42.80,  1250
11461, 2,   2.59,  34.66,  1783
11500, 2,   2.19,  40.53,   859
11539, 2,   0.49,  38.04,   745
11578, 2,   0.52,  21.04,   564
11617, 2,   0.77,  14.97,  2721
11656, 2,   5.62,  13.76,  1954
11695, 2,  13.05,  16.42,   150
11734, 2,  14.72,  20.13,     0
11773, 2,  16.16,  21.36,     0
11812, 2,  16.08,  15.81,  1923
11851, 2,  14.49,  25.20,     0
11890, 2,  12.26,  23.31,   753
11929, 2,  10.73,  10.90,   965
11968, 2,   9.67,  13.12,   189
12007, 2,   8.74,  12.73,   541
12046, 2,   7.82,  26.71,   797
12085, 2,   8.10,  29.40,   736
12124, 2,   9.25,  27.06,   751